 2.50000000000000e-002    5.32142857142857e-001
 5.00000000000000e-002    5.48214285714286e-001
 7.05882352941176e-002    5.69642857142857e-001
 9.70588235294118e-002    5.76785714285714e-001
 1.23529411764706e-001    5.89285714285714e-001
 1.36764705882353e-001    6.08928571428571e-001
 1.61764705882353e-001    6.37500000000000e-001
 1.85294117647059e-001    6.58928571428571e-001
 2.13235294117647e-001    6.85714285714286e-001
 2.32352941176471e-001    7.10714285714286e-001
 2.57352941176471e-001    7.30357142857143e-001
 2.77941176470588e-001    7.51785714285714e-001
 3.04411764705882e-001    7.75000000000000e-001
 3.29411764705882e-001    7.82142857142857e-001
 3.50000000000000e-001    8.01785714285714e-001
 3.66176470588235e-001    8.19642857142857e-001
 3.86764705882353e-001    8.37500000000000e-001
 4.10294117647059e-001    8.62500000000000e-001
 4.30882352941176e-001    8.78571428571429e-001
 4.48529411764706e-001    9.03571428571429e-001
 4.55882352941176e-001    9.14285714285714e-001
 4.72058823529412e-001    9.41071428571429e-001
 4.85294117647059e-001    9.66071428571429e-001
 4.97058823529412e-001    1.00000000000000e+000
 5.08823529411765e-001    1.02500000000000e+000
 4.80882352941176e-001    9.12500000000000e-001
 5.00000000000000e-001    9.10714285714286e-001
 5.19117647058824e-001    9.08928571428571e-001
 5.39705882352941e-001    9.08928571428571e-001
 5.39705882352941e-001    8.73214285714286e-001
 5.41176470588235e-001    8.41071428571429e-001
 5.42647058823529e-001    8.12500000000000e-001
 5.44117647058823e-001    7.89285714285714e-001
 5.25000000000000e-001    7.62500000000000e-001
 5.25000000000000e-001    7.23214285714286e-001
 5.23529411764706e-001    6.85714285714286e-001
 5.25000000000000e-001    6.53571428571429e-001
 5.26470588235294e-001    6.14285714285714e-001
 4.98529411764706e-001    6.12500000000000e-001
 4.80882352941176e-001    6.41071428571429e-001
 4.58823529411765e-001    6.17857142857143e-001
 4.26470588235294e-001    6.33928571428571e-001
 4.20588235294118e-001    6.66071428571429e-001
 3.97058823529412e-001    6.89285714285714e-001
 3.73529411764706e-001    6.67857142857143e-001
 3.48529411764706e-001    6.66071428571429e-001
 3.33823529411765e-001    6.85714285714286e-001
 3.38235294117647e-001    7.07142857142857e-001
 3.42647058823529e-001    7.26785714285714e-001
 3.36764705882353e-001    7.53571428571429e-001
 3.25000000000000e-001    6.60714285714286e-001
 3.16176470588235e-001    6.48214285714286e-001
 3.04411764705882e-001    6.33928571428571e-001
 3.10294117647059e-001    6.12500000000000e-001
 3.17647058823529e-001    5.89285714285714e-001
 3.22058823529412e-001    5.69642857142857e-001
 3.27941176470588e-001    5.46428571428571e-001
 3.32352941176471e-001    5.21428571428571e-001
 3.35294117647059e-001    5.03571428571429e-001
 3.41176470588235e-001    4.76785714285714e-001
 3.61764705882353e-001    4.89285714285714e-001
 3.83823529411765e-001    4.83928571428571e-001
 4.01470588235294e-001    4.76785714285714e-001
 4.20588235294118e-001    4.67857142857143e-001
 4.42647058823529e-001    4.64285714285714e-001
 4.69117647058824e-001    4.57142857142857e-001
 4.88235294117647e-001    4.53571428571429e-001
 5.13235294117647e-001    4.37500000000000e-001
 5.39705882352941e-001    4.17857142857143e-001
 5.42647058823529e-001    4.44642857142857e-001
 5.42647058823529e-001    4.92857142857143e-001
 5.45588000000000e-001    5.30357000000000e-001
 5.36764705882353e-001    5.92857142857143e-001
 5.45588235294118e-001    5.75000000000000e-001
 5.73529411764706e-001    5.96428571428571e-001
 5.97058823529412e-001    6.17857142857143e-001
 6.29411764705882e-001    6.12500000000000e-001
 6.52941176470588e-001    6.39285714285714e-001
 6.83823529411765e-001    6.76785714285714e-001
 7.07352941176471e-001    7.16071428571429e-001
 7.30882352941176e-001    7.42857142857143e-001
 7.52941176470588e-001    7.82142857142857e-001
 7.86764705882353e-001    8.19642857142857e-001
 8.07352941176471e-001    8.51785714285714e-001
 8.33823529411765e-001    8.89285714285714e-001
 1.00882352941176e+000    8.07142857142857e-001
 1.00147058823529e+000    7.69642857142857e-001
 9.91176470588235e-001    7.25000000000000e-001
 9.77941176470588e-001    6.67857142857143e-001
 9.58823529411765e-001    6.28571428571429e-001
 9.32352941176471e-001    5.83928571428571e-001
 9.10294117647059e-001    5.44642857142857e-001
 8.82352941176471e-001    5.03571428571429e-001
 9.25000000000000e-001    5.01785714285714e-001
 9.55882352941177e-001    5.21428571428571e-001
 9.92647058823529e-001    5.26785714285714e-001
 8.57352941176471e-001    5.16071428571429e-001
 8.23529411764706e-001    5.00000000000000e-001
 7.94117647058823e-001    4.89285714285714e-001
 7.69117647058824e-001    4.82142857142857e-001
 7.38235294117647e-001    4.75000000000000e-001
 7.41176470588235e-001    4.35714285714286e-001
 7.11764705882353e-001    4.07142857142857e-001
 6.79411764705882e-001    4.01785714285714e-001
 6.45588235294118e-001    3.98214285714286e-001
 6.41176470588235e-001    3.64285714285714e-001
 6.11764705882353e-001    3.51785714285714e-001
 5.85294117647059e-001    3.44642857142857e-001
 5.52941176470588e-001    3.66071428571429e-001
 5.19117647058824e-001    3.83928571428571e-001
 4.95588235294118e-001    4.03571428571429e-001
 4.94117647058824e-001    4.42857142857143e-001
 6.50000000000000e-001    3.51785714285714e-001
 6.61764705882353e-001    3.37500000000000e-001
 6.86764705882353e-001    3.37500000000000e-001
 7.11764705882353e-001    3.10714285714286e-001
 7.38235294117647e-001    2.82142857142857e-001
 7.13235294117647e-001    2.71428571428571e-001
 6.94117647058824e-001    2.58928571428571e-001
 6.83823529411765e-001    2.17857142857143e-001
 6.45588235294118e-001    1.91071428571429e-001
 6.55882352941176e-001    1.64285714285714e-001
 6.54411764705882e-001    1.32142857142857e-001
 6.75000000000000e-001    1.05357142857143e-001
 7.02941176470588e-001    1.17857142857143e-001
 7.26470588235294e-001    1.32142857142857e-001
 7.55882352941176e-001    1.85714285714286e-001
 7.76470588235294e-001    2.39285714285714e-001
 7.95588235294118e-001    2.75000000000000e-001
 8.14705882352941e-001    3.10714285714286e-001
 8.25000000000000e-001    3.75000000000000e-001
 8.55882352941176e-001    4.41071428571429e-001
 8.69117647058824e-001    4.73214285714286e-001
 6.73529411764706e-001    6.42857142857143e-002
 6.70588235294118e-001    1.60714285714286e-002
 6.32352941176471e-001    1.80357142857143e-001
 6.11764705882353e-001    1.96428571428571e-001
 5.95588235294118e-001    2.07142857142857e-001
 5.75000000000000e-001    2.07142857142857e-001
 5.54411764705882e-001    2.07142857142857e-001
 5.38235294117647e-001    1.96428571428571e-001
 5.16176470588235e-001    1.83928571428571e-001
 5.17647058823529e-001    1.42857142857143e-001
 5.00000000000000e-001    1.16071428571429e-001
 4.82352941176471e-001    9.28571428571429e-002
 4.69117647058824e-001    1.21428571428571e-001
 4.75000000000000e-001    1.41071428571429e-001
 4.64705882352941e-001    1.57142857142857e-001
 4.39705882352941e-001    1.53571428571429e-001
 4.16176470588235e-001    1.50000000000000e-001
 3.94117647058824e-001    1.41071428571429e-001
 3.73529411764706e-001    1.64285714285714e-001
 3.50000000000000e-001    1.85714285714286e-001
 3.16176470588235e-001    1.96428571428571e-001
 3.01470588235294e-001    1.75000000000000e-001
 3.11764705882353e-001    1.53571428571429e-001
 3.16176470588235e-001    1.14285714285714e-001
 3.17647058823529e-001    5.35714285714286e-002
 3.00000000000000e-001    1.96428571428571e-002
 3.00000000000000e-001    2.14285714285714e-001
 2.92647058823529e-001    2.44642857142857e-001
 2.75000000000000e-001    2.55357142857143e-001
 2.70588235294118e-001    2.91071428571429e-001
 2.70588235294118e-001    3.28571428571429e-001
 2.73529411764706e-001    3.60714285714286e-001
 2.83823529411765e-001    3.85714285714286e-001
 3.02941176470588e-001    4.14285714285714e-001
 3.11764705882353e-001    4.44642857142857e-001
 3.26470588235294e-001    4.62500000000000e-001
 2.80882352941176e-001    4.42857142857143e-001
 2.58823529411765e-001    4.44642857142857e-001
 2.79411764705882e-001    5.55357142857143e-001
 2.36764705882353e-001    5.32142857142857e-001
 2.35294117647059e-001    4.44642857142857e-001
 1.97058823529412e-001    4.46428571428571e-001
 1.91176470588235e-001    4.78571428571429e-001
 1.75000000000000e-001    5.33928571428571e-001
 1.54411764705882e-001    5.75000000000000e-001
 1.75000000000000e-001    4.46428571428571e-001
 1.25000000000000e-001    4.41071428571429e-001
 8.52941176470588e-002    4.35714285714286e-001
 2.04411764705882e-001    4.21428571428571e-001
 2.23529411764706e-001    3.96428571428571e-001
 2.32352941176471e-001    3.51785714285714e-001
 2.48529411764706e-001    3.26785714285714e-001
