 5.64826700898588e-002    2.99248120300752e-001
 6.80359435173299e-002    3.12781954887218e-001
 8.72913992297818e-002    3.24812030075188e-001
 1.03979460847240e-001    3.36842105263158e-001
 1.11681643132221e-001    3.51879699248120e-001
 1.20667522464698e-001    3.63909774436090e-001
 1.32220795892169e-001    3.78947368421053e-001
 1.43774069319641e-001    3.96992481203008e-001
 1.54043645699615e-001    4.18045112781955e-001
 1.66880616174583e-001    4.22556390977444e-001
 1.83568677792041e-001    4.25563909774436e-001
 1.96405648267009e-001    4.27067669172932e-001
 2.06675224646983e-001    4.30075187969925e-001
 2.16944801026958e-001    4.33082706766917e-001
 2.27214377406932e-001    4.40601503759398e-001
 2.40051347881900e-001    4.54135338345865e-001
 2.54172015404365e-001    4.66165413533835e-001
 2.68292682926829e-001    4.72180451127820e-001
 2.82413350449294e-001    4.78195488721805e-001
 2.91399229781772e-001    4.85714285714286e-001
 3.00385109114249e-001    4.94736842105263e-001
 3.14505776636714e-001    4.97744360902256e-001
 3.24775353016688e-001    5.02255639097744e-001
 3.37612323491656e-001    5.08270676691729e-001
 3.49165596919127e-001    5.14285714285714e-001
 3.59435173299101e-001    5.20300751879699e-001
 3.64569961489089e-001    5.26315789473684e-001
 3.81258023106547e-001    5.27819548872180e-001
 3.92811296534018e-001    5.27819548872180e-001
 4.03080872913992e-001    5.29323308270677e-001
 4.13350449293967e-001    5.30827067669173e-001
 4.22336328626444e-001    5.33834586466165e-001
 4.30038510911425e-001    5.35338345864662e-001
 4.42875481386393e-001    5.42857142857143e-001
 4.50577663671374e-001    5.51879699248120e-001
 4.46726572528883e-001    5.65413533834586e-001
 4.37740693196406e-001    5.75939849624060e-001
 4.33889602053915e-001    5.84962406015038e-001
 4.30038510911425e-001    5.93984962406015e-001
 4.27471116816431e-001    6.04511278195489e-001
 4.27471116816431e-001    6.13533834586466e-001
 4.27471116816431e-001    6.19548872180451e-001
 4.19768934531451e-001    6.28571428571429e-001
 4.12066752246470e-001    6.30075187969925e-001
 4.04364569961489e-001    6.34586466165414e-001
 4.01797175866495e-001    6.43609022556391e-001
 3.96662387676508e-001    6.58646616541353e-001
 3.94094993581515e-001    6.67669172932331e-001
 3.86392811296534e-001    6.70676691729323e-001
 3.76123234916560e-001    6.69172932330827e-001
 3.69704749679076e-001    6.61654135338346e-001
 3.60718870346598e-001    6.54135338345865e-001
 3.50449293966624e-001    6.51127819548872e-001
 3.37612323491656e-001    6.48120300751880e-001
 3.29910141206675e-001    6.31578947368421e-001
 3.22207958921694e-001    6.21052631578947e-001
 3.13222079589217e-001    6.15037593984962e-001
 3.09370988446727e-001    6.04511278195489e-001
 3.02952503209243e-001    5.98496240601504e-001
 2.95250320924262e-001    5.90977443609023e-001
 2.90115532734275e-001    5.83458646616541e-001
 2.84980744544288e-001    5.75939849624060e-001
 2.79845956354300e-001    5.66917293233083e-001
 2.67008985879332e-001    5.66917293233083e-001
 2.51604621309371e-001    5.63909774436090e-001
 2.41335044929397e-001    5.77443609022556e-001
 2.37483953786906e-001    5.92481203007519e-001
 2.33632862644416e-001    6.07518796992481e-001
 2.32349165596919e-001    6.22556390977444e-001
 2.32349165596919e-001    6.34586466165414e-001
 2.32349165596919e-001    6.49624060150376e-001
 2.34916559691913e-001    6.61654135338346e-001
 2.34916559691913e-001    6.76691729323308e-001
 2.31065468549422e-001    6.82706766917293e-001
 2.25930680359435e-001    6.96240601503759e-001
 2.16944801026958e-001    6.93233082706767e-001
 2.11810012836970e-001    6.88721804511278e-001
 2.04107830551990e-001    6.90225563909774e-001
 1.96405648267009e-001    6.88721804511278e-001
 1.84852374839538e-001    6.88721804511278e-001
 1.75866495507060e-001    6.88721804511278e-001
 1.69448010269576e-001    6.88721804511278e-001
 1.61745827984596e-001    6.84210526315789e-001
 1.55327342747112e-001    6.78195488721804e-001
 1.52759948652118e-001    6.69172932330827e-001
 1.51476251604621e-001    6.58646616541353e-001
 1.45057766367137e-001    6.46616541353383e-001
 1.37355584082157e-001    6.34586466165414e-001
 1.32220795892169e-001    6.30075187969925e-001
 1.27086007702182e-001    6.40601503759399e-001
 1.20667522464698e-001    6.51127819548872e-001
 1.12965340179718e-001    6.57142857142857e-001
 1.02695763799743e-001    6.64661654135338e-001
 9.62772785622593e-002    6.73684210526316e-001
 9.11424903722722e-002    6.82706766917293e-001
 8.47240051347882e-002    6.91729323308271e-001
 9.11424903722722e-002    7.03759398496241e-001
 1.00128369704750e-001    7.14285714285714e-001
 1.10397946084724e-001    7.24812030075188e-001
 1.14249037227214e-001    7.38345864661654e-001
 1.14249037227214e-001    7.53383458646616e-001
 1.16816431322208e-001    7.69924812030075e-001
 1.14249037227214e-001    7.84962406015038e-001
 1.11681643132221e-001    7.98496240601504e-001
 1.07830551989730e-001    8.06015037593985e-001
 1.01412066752246e-001    8.18045112781955e-001
 1.14249037227214e-001    8.19548872180451e-001
 1.20667522464698e-001    8.27067669172932e-001
 1.27086007702182e-001    8.33082706766917e-001
 1.34788189987163e-001    8.36090225563910e-001
 1.45057766367137e-001    8.42105263157895e-001
 1.55327342747112e-001    8.48120300751880e-001
 1.64313222079589e-001    8.55639097744361e-001
 1.69448010269576e-001    8.61654135338346e-001
 1.81001283697047e-001    8.70676691729323e-001
 1.89987163029525e-001    8.84210526315789e-001
 2.00256739409499e-001    8.78195488721805e-001
 2.06675224646983e-001    8.70676691729323e-001
 2.11810012836970e-001    8.60150375939850e-001
 2.18228498074454e-001    8.52631578947368e-001
 2.22079589216945e-001    8.42105263157895e-001
 2.29781771501926e-001    8.30075187969925e-001
 2.34916559691913e-001    8.18045112781955e-001
 2.43902439024390e-001    8.03007518796993e-001
 2.51604621309371e-001    7.90977443609023e-001
 2.55455712451861e-001    7.84962406015038e-001
 2.60590500641849e-001    7.74436090225564e-001
 2.67008985879332e-001    7.63909774436090e-001
 2.73427471116816e-001    7.54887218045113e-001
 2.77278562259307e-001    7.41353383458647e-001
 2.81129653401797e-001    7.30827067669173e-001
 2.88831835686778e-001    7.17293233082707e-001
 2.90115532734275e-001    7.08270676691729e-001
 2.92682926829268e-001    6.96240601503759e-001
 2.93966623876765e-001    6.85714285714286e-001
 2.95250320924262e-001    6.72180451127820e-001
 3.04236200256739e-001    6.67669172932331e-001
 3.11938382541720e-001    6.63157894736842e-001
 3.19640564826701e-001    6.57142857142857e-001
 2.70860077021823e-001    7.77443609022556e-001
 2.84980744544288e-001    7.83458646616541e-001
 2.88831835686778e-001    7.95488721804511e-001
 2.95250320924262e-001    8.04511278195489e-001
 3.02952503209243e-001    8.12030075187970e-001
 3.08087291399230e-001    8.19548872180451e-001
 3.04236200256739e-001    8.30075187969925e-001
 3.00385109114249e-001    8.42105263157895e-001
 3.00385109114249e-001    8.52631578947368e-001
 3.09370988446727e-001    8.60150375939850e-001
 3.17073170731707e-001    8.69172932330827e-001
 3.10654685494223e-001    8.84210526315789e-001
 3.14505776636714e-001    8.96240601503759e-001
 3.17073170731707e-001    9.06766917293233e-001
 3.17073170731707e-001    9.20300751879699e-001
 3.17073170731707e-001    9.32330827067669e-001
 3.17073170731707e-001    9.42857142857143e-001
 3.22207958921694e-001    9.56390977443609e-001
 3.32477535301669e-001    9.53383458646617e-001
 3.41463414634146e-001    9.42857142857143e-001
 3.49165596919127e-001    9.38345864661654e-001
 3.56867779204108e-001    9.30827067669173e-001
 3.64569961489089e-001    9.24812030075188e-001
 3.73555840821566e-001    9.17293233082707e-001
 3.79974326059050e-001    9.11278195488722e-001
 3.88960205391528e-001    9.06766917293233e-001
 4.00513478818999e-001    9.03759398496241e-001
 4.22336328626444e-001    9.03759398496241e-001
 4.45442875481386e-001    9.08270676691729e-001
 4.54428754813864e-001    9.09774436090226e-001
 4.67265725288832e-001    9.12781954887218e-001
 4.80102695763800e-001    9.18796992481203e-001
 4.95507060333761e-001    9.24812030075188e-001
 5.10911424903723e-001    9.32330827067669e-001
 5.23748395378691e-001    9.35338345864662e-001
 5.32734274711168e-001    9.38345864661654e-001
 5.46854942233633e-001    9.47368421052632e-001
 5.58408215661104e-001    9.50375939849624e-001
 5.71245186136072e-001    9.50375939849624e-001
 5.81514762516046e-001    9.48872180451128e-001
 5.95635430038511e-001    9.48872180451128e-001
 6.03337612323492e-001    9.45864661654135e-001
 6.08472400513479e-001    9.38345864661654e-001
 6.12323491655969e-001    9.30827067669173e-001
 6.16174582798460e-001    9.21804511278196e-001
 6.20025673940950e-001    9.12781954887218e-001
 6.23876765083440e-001    9.05263157894737e-001
 6.27727856225931e-001    8.96240601503759e-001
 6.20025673940950e-001    8.88721804511278e-001
 6.14890885750963e-001    8.81203007518797e-001
 6.09756097560976e-001    8.76691729323308e-001
 6.00770218228498e-001    8.67669172932331e-001
 5.93068035943517e-001    8.54135338345865e-001
 5.86649550706033e-001    8.48120300751880e-001
 5.78947368421053e-001    8.42105263157895e-001
 5.73812580231066e-001    8.34586466165414e-001
 5.59691912708601e-001    8.25563909774436e-001
 5.48138639281130e-001    8.21052631578947e-001
 5.39152759948652e-001    8.16541353383459e-001
 5.34017971758665e-001    8.10526315789474e-001
 5.25032092426187e-001    8.04511278195489e-001
 5.19897304236200e-001    8.00000000000000e-001
 5.12195121951220e-001    7.96992481203007e-001
 5.05776636713736e-001    7.89473684210526e-001
 5.01925545571245e-001    7.81954887218045e-001
 4.91655969191271e-001    7.71428571428571e-001
 4.83953786906290e-001    7.63909774436090e-001
 4.74967907573813e-001    7.53383458646616e-001
 4.65982028241335e-001    7.60902255639098e-001
 4.60847240051348e-001    7.72932330827068e-001
 4.58279845956354e-001    7.89473684210526e-001
 4.65982028241335e-001    7.96992481203007e-001
 4.67265725288832e-001    8.13533834586466e-001
 4.68549422336329e-001    8.27067669172932e-001
 4.68549422336329e-001    8.37593984962406e-001
 4.62130937098845e-001    8.45112781954887e-001
 4.65982028241335e-001    8.57142857142857e-001
 4.68549422336329e-001    8.67669172932331e-001
 4.73684210526316e-001    8.75187969924812e-001
 4.82670089858793e-001    8.88721804511278e-001
 4.86521181001284e-001    9.02255639097744e-001
 4.89088575096277e-001    9.12781954887218e-001
 4.68549422336329e-001    7.44360902255639e-001
 4.60847240051348e-001    7.35338345864662e-001
 4.50577663671374e-001    7.27819548872180e-001
 4.40308087291399e-001    7.21804511278195e-001
 4.30038510911425e-001    7.18796992481203e-001
 4.24903722721438e-001    7.06766917293233e-001
 4.17201540436457e-001    6.99248120300752e-001
 4.10783055198973e-001    6.87218045112782e-001
 4.05648267008986e-001    6.76691729323308e-001
 4.60847240051348e-001    5.60902255639098e-001
 4.71116816431322e-001    5.71428571428571e-001
 4.78818998716303e-001    5.78947368421053e-001
 4.87804878048780e-001    5.86466165413534e-001
 4.98074454428755e-001    5.92481203007519e-001
 5.09627727856226e-001    5.95488721804511e-001
 5.17329910141207e-001    6.07518796992481e-001
 5.28883183568678e-001    6.18045112781955e-001
 5.40436456996149e-001    6.25563909774436e-001
 5.53273427471117e-001    6.39097744360902e-001
 5.60975609756098e-001    6.46616541353383e-001
 5.73812580231066e-001    6.54135338345865e-001
 5.86649550706033e-001    6.60150375939850e-001
 5.98202824133504e-001    6.67669172932331e-001
 6.08472400513479e-001    6.78195488721804e-001
 6.20025673940950e-001    6.88721804511278e-001
 6.35430038510911e-001    7.00751879699248e-001
 6.48267008985879e-001    7.17293233082707e-001
 6.46983311938383e-001    7.30827067669173e-001
 6.30295250320924e-001    7.48872180451128e-001
 6.21309370988447e-001    7.62406015037594e-001
 6.20025673940950e-001    7.81954887218045e-001
 6.17458279845956e-001    7.93984962406015e-001
 6.17458279845956e-001    8.10526315789474e-001
 6.22593068035944e-001    8.22556390977444e-001
 6.27727856225931e-001    8.31578947368421e-001
 6.37997432605905e-001    8.43609022556391e-001
 6.43132220795892e-001    8.52631578947368e-001
 6.48267008985879e-001    8.60150375939850e-001
 6.48267008985879e-001    8.67669172932331e-001
 6.40564826700899e-001    8.76691729323308e-001
 6.31578947368421e-001    8.84210526315789e-001
 6.39281129653402e-001    9.05263157894737e-001
 6.49550706033376e-001    9.11278195488722e-001
 6.57252888318357e-001    9.20300751879699e-001
 6.64955070603338e-001    9.27819548872180e-001
 6.75224646983312e-001    9.39849624060150e-001
 6.90629011553273e-001    9.47368421052632e-001
 7.02182284980745e-001    9.51879699248120e-001
 7.13735558408216e-001    9.59398496240601e-001
 7.29139922978177e-001    9.68421052631579e-001
 7.40693196405648e-001    9.68421052631579e-001
 7.58664955070603e-001    9.66917293233083e-001
 7.70218228498074e-001    9.66917293233083e-001
 7.80487804878049e-001    9.59398496240601e-001
 7.90757381258023e-001    9.60902255639098e-001
 7.99743260590501e-001    9.62406015037594e-001
 8.16431322207959e-001    9.62406015037594e-001
 8.27984595635430e-001    9.65413533834587e-001
 8.38254172015404e-001    9.60902255639098e-001
 8.60077021822850e-001    9.60902255639098e-001
 8.63928112965340e-001    9.57894736842105e-001
 8.69062901155327e-001    9.51879699248120e-001
 8.71630295250321e-001    9.41353383458647e-001
 8.72913992297818e-001    9.24812030075188e-001
 8.74197689345315e-001    9.09774436090226e-001
 8.74197689345315e-001    8.99248120300752e-001
 8.75481386392811e-001    8.91729323308271e-001
 8.79332477535302e-001    8.84210526315789e-001
 8.84467265725289e-001    8.79699248120301e-001
 8.81899871630295e-001    8.67669172932331e-001
 8.84467265725289e-001    8.58646616541353e-001
 8.87034659820282e-001    8.48120300751880e-001
 8.88318356867779e-001    8.39097744360902e-001
 8.79332477535302e-001    8.39097744360902e-001
 8.69062901155327e-001    8.37593984962406e-001
 8.58793324775353e-001    8.36090225563910e-001
 8.51091142490372e-001    8.27067669172932e-001
 8.45956354300385e-001    8.19548872180451e-001
 8.35686777920411e-001    8.07518796992481e-001
 8.25417201540436e-001    8.03007518796993e-001
 8.08729139922978e-001    8.04511278195489e-001
 7.97175866495507e-001    7.90977443609023e-001
 7.85622593068036e-001    7.81954887218045e-001
 7.75353016688062e-001    7.81954887218045e-001
 7.74069319640565e-001    7.95488721804511e-001
 7.74069319640565e-001    8.10526315789474e-001
 7.71501925545571e-001    8.21052631578947e-001
 7.65083440308087e-001    8.27067669172932e-001
 7.54813863928113e-001    8.31578947368421e-001
 7.44544287548139e-001    8.36090225563910e-001
 7.36842105263158e-001    8.37593984962406e-001
 7.20154043645700e-001    8.34586466165414e-001
 7.08600770218229e-001    8.36090225563910e-001
 6.97047496790757e-001    8.39097744360902e-001
 6.90629011553273e-001    8.40601503759398e-001
 6.82926829268293e-001    8.45112781954887e-001
 6.76508344030809e-001    8.49624060150376e-001
 6.70089858793325e-001    8.55639097744361e-001
 6.59820282413350e-001    8.60150375939850e-001
 6.61103979460847e-001    7.21804511278195e-001
 6.72657252888318e-001    7.24812030075188e-001
 6.82926829268293e-001    7.26315789473684e-001
 6.93196405648267e-001    7.26315789473684e-001
 7.02182284980745e-001    7.29323308270677e-001
 7.16302952503209e-001    7.33834586466165e-001
 7.25288831835687e-001    7.39849624060150e-001
 7.36842105263158e-001    7.44360902255639e-001
 7.45827984595635e-001    7.47368421052632e-001
 7.57381258023107e-001    7.53383458646616e-001
 7.66367137355584e-001    7.56390977443609e-001
 7.74069319640565e-001    7.66917293233083e-001
 7.74069319640565e-001    7.48872180451128e-001
 7.81771501925546e-001    7.48872180451128e-001
 7.92041078305520e-001    7.47368421052632e-001
 8.04878048780488e-001    7.48872180451128e-001
 8.17715019255456e-001    7.48872180451128e-001
 8.26700898587933e-001    7.41353383458647e-001
 8.33119383825417e-001    7.33834586466165e-001
 8.39537869062901e-001    7.23308270676692e-001
 8.52374839537869e-001    7.23308270676692e-001
 8.63928112965340e-001    7.26315789473684e-001
 8.80616174582799e-001    7.29323308270677e-001
 8.97304236200257e-001    7.26315789473684e-001
 9.12708600770218e-001    7.26315789473684e-001
 9.24261874197689e-001    7.32330827067669e-001
 9.35815147625160e-001    7.38345864661654e-001
 9.37098844672657e-001    7.57894736842105e-001
 9.25545571245186e-001    7.66917293233083e-001
 9.05006418485237e-001    7.69924812030075e-001
 8.93453145057766e-001    7.77443609022556e-001
 8.89602053915276e-001    7.92481203007519e-001
 8.83183568677792e-001    8.06015037593985e-001
 8.87034659820282e-001    8.19548872180451e-001
 9.46084724005135e-001    7.36842105263158e-001
 9.47368421052632e-001    7.24812030075188e-001
 9.48652118100128e-001    7.15789473684211e-001
 9.51219512195122e-001    7.03759398496241e-001
 9.56354300385109e-001    6.93233082706767e-001
 9.62772785622593e-001    6.81203007518797e-001
 9.64056482670090e-001    6.63157894736842e-001
 9.66623876765083e-001    6.51127819548872e-001
 9.57637997432606e-001    6.40601503759399e-001
 9.49935815147625e-001    6.36090225563910e-001
 9.40949935815148e-001    6.33082706766917e-001
 9.28112965340180e-001    6.30075187969925e-001
 9.19127086007702e-001    6.22556390977444e-001
 9.11424903722721e-001    6.15037593984962e-001
 9.10141206675225e-001    6.33082706766917e-001
 9.05006418485237e-001    6.42105263157895e-001
 8.94736842105263e-001    6.60150375939850e-001
 8.83183568677792e-001    6.67669172932331e-001
 8.69062901155327e-001    6.72180451127820e-001
 8.65211810012837e-001    6.85714285714286e-001
 8.58793324775353e-001    7.00751879699248e-001
 8.49807445442875e-001    7.06766917293233e-001
 8.44672657252888e-001    7.14285714285714e-001
 7.72785622593068e-001    7.36842105263158e-001
 7.74069319640565e-001    7.20300751879699e-001
 7.66367137355584e-001    7.15789473684211e-001
 7.61232349165597e-001    7.03759398496241e-001
 7.54813863928113e-001    6.91729323308271e-001
 7.48395378690629e-001    6.85714285714286e-001
 7.48395378690629e-001    6.75187969924812e-001
 7.45827984595635e-001    6.55639097744361e-001
 7.50962772785623e-001    6.40601503759399e-001
 7.57381258023107e-001    6.31578947368421e-001
 7.66367137355584e-001    6.24060150375940e-001
 7.77920410783055e-001    6.16541353383459e-001
 7.83055198973042e-001    6.10526315789474e-001
 7.84338896020539e-001    5.96992481203008e-001
 7.85622593068036e-001    5.83458646616541e-001
 7.94608472400513e-001    5.75939849624060e-001
 8.02310654685494e-001    5.71428571428571e-001
 8.12580231065469e-001    5.66917293233083e-001
 8.24133504492940e-001    5.62406015037594e-001
 8.25417201540436e-001    5.54887218045113e-001
 8.18998716302953e-001    5.42857142857143e-001
 8.16431322207959e-001    5.24812030075188e-001
 8.13863928112965e-001    5.09774436090226e-001
 8.25417201540436e-001    5.21804511278195e-001
 8.40821566110398e-001    5.21804511278195e-001
 8.49807445442875e-001    5.30827067669173e-001
 8.65211810012837e-001    5.45864661654135e-001
 8.72913992297818e-001    5.59398496240601e-001
 8.83183568677792e-001    5.78947368421053e-001
 8.92169448010270e-001    5.93984962406015e-001
 9.01155327342747e-001    6.03007518796992e-001
 7.36842105263158e-001    6.82706766917293e-001
 7.25288831835687e-001    6.76691729323308e-001
 7.15019255455712e-001    6.69172932330827e-001
 7.06033376123235e-001    6.61654135338346e-001
 6.95763799743261e-001    6.52631578947368e-001
 6.89345314505777e-001    6.36090225563910e-001
 6.82926829268293e-001    6.27067669172932e-001
 6.81643132220796e-001    6.15037593984962e-001
 6.85494223363286e-001    6.04511278195489e-001
 6.84210526315789e-001    5.89473684210526e-001
 6.81643132220796e-001    5.77443609022556e-001
 6.84210526315789e-001    5.65413533834586e-001
 6.82926829268293e-001    5.51879699248120e-001
 6.89345314505777e-001    5.39849624060150e-001
 6.94480102695764e-001    5.27819548872180e-001
 7.00898587933248e-001    5.21804511278195e-001
 7.06033376123235e-001    5.09774436090226e-001
 7.18870346598203e-001    4.91729323308271e-001
 7.29139922978177e-001    4.76691729323308e-001
 7.26572528883184e-001    4.61654135338346e-001
 7.29139922978177e-001    4.52631578947368e-001
 7.45827984595635e-001    4.63157894736842e-001
 7.57381258023107e-001    4.73684210526316e-001
 7.76636713735558e-001    4.82706766917293e-001
 7.89473684210526e-001    4.90225563909774e-001
 8.03594351732991e-001    4.99248120300752e-001
 6.70089858793325e-001    5.84962406015038e-001
 6.43132220795892e-001    5.93984962406015e-001
 6.29011553273428e-001    5.98496240601504e-001
 6.18741976893453e-001    5.90977443609023e-001
 6.04621309370988e-001    6.06015037593985e-001
 5.91784338896021e-001    6.22556390977444e-001
 5.73812580231066e-001    6.34586466165414e-001
 7.15019255455712e-001    4.48120300751880e-001
 7.02182284980745e-001    4.43609022556391e-001
 7.09884467265725e-001    4.36090225563910e-001
 7.25288831835687e-001    4.33082706766917e-001
 7.35558408215661e-001    4.30075187969925e-001
 7.52246469833119e-001    4.28571428571429e-001
 7.63799743260591e-001    4.24060150375940e-001
 7.72785622593068e-001    4.13533834586466e-001
 7.76636713735558e-001    3.98496240601504e-001
 7.83055198973042e-001    3.84962406015038e-001
 7.85622593068036e-001    3.75939849624060e-001
 7.89473684210526e-001    3.62406015037594e-001
 7.93324775353017e-001    3.50375939849624e-001
 7.92041078305520e-001    3.41353383458647e-001
 7.94608472400513e-001    3.27819548872180e-001
 7.94608472400513e-001    3.18796992481203e-001
 8.02310654685494e-001    3.11278195488722e-001
 8.13863928112965e-001    3.08270676691729e-001
 8.21566110397946e-001    3.05263157894737e-001
 8.31835686777920e-001    3.03759398496241e-001
 8.45956354300385e-001    2.97744360902256e-001
 8.54942233632863e-001    2.93233082706767e-001
 8.61360718870347e-001    2.84210526315789e-001
 8.81899871630295e-001    2.94736842105263e-001
 9.11424903722721e-001    2.96240601503759e-001
 9.33247753530167e-001    2.91729323308271e-001
 9.43517329910141e-001    2.91729323308271e-001
 9.37098844672657e-001    2.60150375939850e-001
 9.29396662387676e-001    2.39097744360902e-001
 9.15275994865212e-001    2.22556390977444e-001
 8.97304236200257e-001    2.10526315789474e-001
 8.83183568677792e-001    1.98496240601504e-001
 8.71630295250321e-001    1.87969924812030e-001
 8.63928112965340e-001    1.74436090225564e-001
 8.61360718870347e-001    1.59398496240602e-001
 8.52374839537869e-001    1.42857142857143e-001
 8.34403080872914e-001    1.27819548872180e-001
 8.25417201540436e-001    1.17293233082707e-001
 8.10012836970475e-001    1.11278195488722e-001
 7.97175866495507e-001    1.05263157894737e-001
 7.84338896020539e-001    9.77443609022556e-002
 7.68934531450578e-001    9.92481203007519e-002
 7.52246469833119e-001    9.32330827067669e-002
 7.40693196405648e-001    1.05263157894737e-001
 7.22721437740693e-001    1.08270676691729e-001
 7.12451861360719e-001    1.14285714285714e-001
 7.06033376123235e-001    1.23308270676692e-001
 7.09884467265725e-001    1.44360902255639e-001
 6.99614890885751e-001    1.65413533834586e-001
 6.90629011553273e-001    1.77443609022556e-001
 6.79075738125802e-001    1.92481203007519e-001
 6.73940949935815e-001    2.10526315789474e-001
 6.70089858793325e-001    2.25563909774436e-001
 6.63671373555841e-001    2.45112781954887e-001
 6.67522464698331e-001    2.55639097744361e-001
 6.66238767650834e-001    2.70676691729323e-001
 6.86777920410783e-001    2.73684210526316e-001
 7.03465982028241e-001    2.70676691729323e-001
 7.18870346598203e-001    2.70676691729323e-001
 7.35558408215661e-001    2.67669172932331e-001
 7.49679075738126e-001    2.63157894736842e-001
 7.62516046213094e-001    2.58646616541353e-001
 7.75353016688062e-001    2.54135338345865e-001
 7.85622593068036e-001    2.52631578947368e-001
 8.04878048780488e-001    2.52631578947368e-001
 8.18998716302953e-001    2.54135338345865e-001
 8.35686777920411e-001    2.54135338345865e-001
 8.49807445442875e-001    2.54135338345865e-001
 8.56225930680359e-001    2.57142857142857e-001
 8.63928112965340e-001    2.67669172932331e-001
 6.91912708600770e-001    4.40601503759398e-001
 6.71373555840822e-001    4.45112781954887e-001
 6.50834403080873e-001    4.54135338345865e-001
 6.40564826700899e-001    4.54135338345865e-001
 6.27727856225931e-001    4.57142857142857e-001
 6.09756097560976e-001    4.58646616541353e-001
 5.99486521181001e-001    4.63157894736842e-001
 5.85365853658537e-001    4.63157894736842e-001
 5.72528883183569e-001    4.69172932330827e-001
 5.62259306803594e-001    4.72180451127820e-001
 5.51989730423620e-001    4.73684210526316e-001
 5.40436456996149e-001    4.79699248120301e-001
 5.31450577663671e-001    4.81203007518797e-001
 5.21181001283697e-001    4.84210526315789e-001
 5.17329910141207e-001    4.90225563909774e-001
 5.12195121951220e-001    5.03759398496241e-001
 5.01925545571245e-001    5.08270676691729e-001
 4.80102695763800e-001    5.08270676691729e-001
 4.55712451861361e-001    5.05263157894737e-001
 4.39024390243902e-001    5.03759398496241e-001
 4.22336328626444e-001    4.94736842105263e-001
 4.06931964056483e-001    4.91729323308271e-001
 3.96662387676508e-001    4.93233082706767e-001
 3.87676508344031e-001    5.05263157894737e-001
 3.86392811296534e-001    5.15789473684211e-001
 2.92682926829268e-001    4.73684210526316e-001
 2.90115532734275e-001    4.61654135338346e-001
 2.86264441591784e-001    4.51127819548872e-001
 2.79845956354300e-001    4.34586466165414e-001
 2.84980744544288e-001    4.22556390977444e-001
 2.90115532734275e-001    4.13533834586466e-001
 2.97817715019255e-001    4.03007518796992e-001
 3.04236200256739e-001    3.93984962406015e-001
 2.95250320924262e-001    3.78947368421053e-001
 2.84980744544288e-001    3.62406015037594e-001
 2.74711168164313e-001    3.54887218045113e-001
 2.63157894736842e-001    3.60902255639098e-001
 2.52888318356868e-001    3.57894736842105e-001
 2.46469833119384e-001    3.63909774436090e-001
 2.47753530166881e-001    3.72932330827068e-001
 2.47753530166881e-001    3.93984962406015e-001
 2.43902439024390e-001    4.15037593984962e-001
 2.42618741976893e-001    4.30075187969925e-001
 2.36200256739410e-001    4.36090225563910e-001
 1.93838254172015e-001    4.12030075187970e-001
 1.97689345314506e-001    4.03007518796992e-001
 2.01540436456996e-001    3.92481203007519e-001
 2.01540436456996e-001    3.86466165413534e-001
 2.02824133504493e-001    3.78947368421053e-001
 2.04107830551990e-001    3.66917293233083e-001
 2.04107830551990e-001    3.53383458646617e-001
 2.01540436456996e-001    3.47368421052632e-001
 1.92554557124519e-001    3.35338345864662e-001
 1.87419768934531e-001    3.29323308270677e-001
 1.81001283697047e-001    3.21804511278195e-001
 1.73299101412067e-001    3.12781954887218e-001
 1.65596919127086e-001    2.97744360902256e-001
 1.55327342747112e-001    2.91729323308271e-001
 1.46341463414634e-001    2.91729323308271e-001
 1.42490372272144e-001    2.81203007518797e-001
 1.42490372272144e-001    2.72180451127820e-001
 1.42490372272144e-001    2.63157894736842e-001
 1.37355584082157e-001    2.58646616541353e-001
 1.33504492939666e-001    2.49624060150376e-001
 1.37355584082157e-001    2.43609022556391e-001
 1.47625160462131e-001    2.40601503759398e-001
 1.60462130937099e-001    2.40601503759398e-001
 1.66880616174583e-001    2.48120300751880e-001
 1.77150192554557e-001    2.55639097744361e-001
 1.83568677792041e-001    2.60150375939850e-001
 1.87419768934531e-001    2.69172932330827e-001
 2.06675224646983e-001    2.73684210526316e-001
 2.19512195121951e-001    2.73684210526316e-001
 2.23363286264442e-001    2.87218045112782e-001
 2.29781771501926e-001    2.97744360902256e-001
 2.36200256739410e-001    3.09774436090226e-001
 2.41335044929397e-001    3.30827067669173e-001
 2.41335044929397e-001    3.44360902255639e-001
 2.82413350449294e-001    3.50375939849624e-001
 3.02952503209243e-001    3.48872180451128e-001
 3.14505776636714e-001    3.39849624060150e-001
 3.14505776636714e-001    3.30827067669173e-001
 3.18356867779204e-001    3.15789473684211e-001
 3.31193838254172e-001    3.09774436090226e-001
 3.41463414634146e-001    3.06766917293233e-001
 3.47881899871630e-001    3.02255639097744e-001
 3.54300385109114e-001    2.94736842105263e-001
 3.64569961489089e-001    2.87218045112782e-001
 3.76123234916560e-001    2.81203007518797e-001
 3.87676508344031e-001    2.76691729323308e-001
 3.99229781771502e-001    2.73684210526316e-001
 4.04364569961489e-001    2.64661654135338e-001
 4.04364569961489e-001    2.52631578947368e-001
 4.01797175866495e-001    2.48120300751880e-001
 3.94094993581515e-001    2.40601503759398e-001
 3.86392811296534e-001    2.34586466165414e-001
 3.73555840821566e-001    2.31578947368421e-001
 3.60718870346598e-001    2.31578947368421e-001
 3.47881899871630e-001    2.31578947368421e-001
 3.40179717586650e-001    2.27067669172932e-001
 3.29910141206675e-001    2.21052631578947e-001
 3.17073170731707e-001    2.27067669172932e-001
 3.04236200256739e-001    2.30075187969925e-001
 2.91399229781772e-001    2.31578947368421e-001
 2.81129653401797e-001    2.30075187969925e-001
 2.69576379974326e-001    2.30075187969925e-001
 2.64441591784339e-001    2.37593984962406e-001
 2.58023106546855e-001    2.42105263157895e-001
 2.50320924261874e-001    2.48120300751880e-001
 2.52888318356868e-001    2.55639097744361e-001
 2.49037227214377e-001    2.67669172932331e-001
 2.38767650834403e-001    2.76691729323308e-001
 2.29781771501926e-001    2.73684210526316e-001
 2.09242618741977e-001    2.58646616541353e-001
 2.04107830551990e-001    2.48120300751880e-001
 1.98973042362003e-001    2.39097744360902e-001
 2.01540436456996e-001    2.31578947368421e-001
 1.93838254172015e-001    2.16541353383459e-001
 1.91270860077022e-001    2.10526315789474e-001
 1.87419768934531e-001    2.04511278195489e-001
 1.81001283697047e-001    1.98496240601504e-001
 1.74582798459564e-001    1.92481203007519e-001
 1.61745827984596e-001    1.92481203007519e-001
 1.59178433889602e-001    2.07518796992481e-001
 1.41206675224647e-001    2.07518796992481e-001
 1.37355584082157e-001    1.96992481203008e-001
 1.20667522464698e-001    1.98496240601504e-001
 1.05263157894737e-001    2.00000000000000e-001
 9.37098844672657e-002    2.12030075187970e-001
 8.60077021822850e-002    2.19548872180451e-001
 7.95892169448010e-002    2.33082706766917e-001
 7.06033376123235e-002    2.49624060150376e-001
 6.29011553273428e-002    2.58646616541353e-001
 8.08729139922978e-002    2.60150375939850e-001
 9.11424903722722e-002    2.63157894736842e-001
 1.00128369704750e-001    2.72180451127820e-001
 1.10397946084724e-001    2.67669172932331e-001
 1.21951219512195e-001    2.64661654135338e-001
 1.30937098844673e-001    2.63157894736842e-001
 9.11424903722722e-002    1.96992481203008e-001
 9.37098844672657e-002    1.78947368421053e-001
 8.85750962772786e-002    1.68421052631579e-001
 8.34403080872914e-002    1.59398496240602e-001
 7.70218228498075e-002    1.44360902255639e-001
 6.80359435173299e-002    1.33834586466165e-001
 7.18870346598203e-002    1.20300751879699e-001
 8.21566110397946e-002    1.14285714285714e-001
 1.01412066752246e-001    1.15789473684211e-001
 1.12965340179718e-001    1.17293233082707e-001
 1.21951219512195e-001    1.12781954887218e-001
 1.32220795892169e-001    1.12781954887218e-001
 1.45057766367137e-001    1.08270676691729e-001
 1.50192554557125e-001    1.03759398496241e-001
 1.63029525032092e-001    9.47368421052632e-002
 1.61745827984596e-001    1.14285714285714e-001
 1.68164313222080e-001    1.35338345864662e-001
 1.65596919127086e-001    1.50375939849624e-001
 1.70731707317073e-001    1.63909774436090e-001
 1.68164313222080e-001    1.78947368421053e-001
 3.88960205391528e-001    2.22556390977444e-001
 3.92811296534018e-001    2.09022556390977e-001
 3.99229781771502e-001    2.00000000000000e-001
 4.04364569961489e-001    1.98496240601504e-001
 4.17201540436457e-001    1.93984962406015e-001
 4.23620025673941e-001    1.95488721804511e-001
 4.23620025673941e-001    2.04511278195489e-001
 4.21052631578947e-001    2.18045112781955e-001
 4.24903722721438e-001    2.30075187969925e-001
 4.28754813863928e-001    2.39097744360902e-001
 4.33889602053915e-001    2.40601503759398e-001
 4.48010269576380e-001    2.42105263157895e-001
 4.54428754813864e-001    2.40601503759398e-001
 4.58279845956354e-001    2.31578947368421e-001
 4.67265725288832e-001    2.10526315789474e-001
 4.78818998716303e-001    1.98496240601504e-001
 4.90372272143774e-001    1.92481203007519e-001
 5.07060333761232e-001    1.92481203007519e-001
 5.14762516046213e-001    2.03007518796992e-001
 5.23748395378691e-001    2.10526315789474e-001
 5.32734274711168e-001    1.95488721804511e-001
 5.45571245186136e-001    1.98496240601504e-001
 5.60975609756098e-001    2.03007518796992e-001
 5.78947368421053e-001    2.00000000000000e-001
 5.95635430038511e-001    2.01503759398496e-001
 5.93068035943517e-001    1.84962406015038e-001
 5.78947368421053e-001    1.56390977443609e-001
 5.86649550706033e-001    1.71428571428571e-001
 5.85365853658537e-001    1.41353383458647e-001
 5.81514762516046e-001    1.29323308270677e-001
 5.72528883183569e-001    1.15789473684211e-001
 5.69961489088575e-001    9.92481203007519e-002
 5.67394094993582e-001    7.81954887218045e-002
 5.64826700898588e-001    6.16541353383459e-002
 5.64826700898588e-001    4.51127819548872e-002
 5.51989730423620e-001    3.30827067669173e-002
 5.37869062901155e-001    3.75939849624060e-002
 5.25032092426187e-001    4.36090225563910e-002
 5.16046213093710e-001    3.75939849624060e-002
 5.00641848523748e-001    3.30827067669173e-002
 4.90372272143774e-001    2.70676691729323e-002
 4.81386392811297e-001    3.75939849624060e-002
 4.69833119383825e-001    3.75939849624060e-002
 4.60847240051348e-001    5.26315789473684e-002
 4.56996148908858e-001    6.01503759398496e-002
 4.50577663671374e-001    6.91729323308271e-002
 4.45442875481386e-001    6.61654135338346e-002
 4.40308087291399e-001    8.72180451127820e-002
 4.41591784338896e-001    1.00751879699248e-001
 4.45442875481386e-001    1.17293233082707e-001
 4.41591784338896e-001    1.29323308270677e-001
 4.46726572528883e-001    1.44360902255639e-001
 4.45442875481386e-001    1.60902255639098e-001
 4.40308087291399e-001    1.75939849624060e-001
 4.32605905006418e-001    1.90977443609023e-001
 4.13350449293967e-001    2.64661654135338e-001
 4.18485237483954e-001    2.79699248120301e-001
 4.27471116816431e-001    2.88721804511278e-001
 4.40308087291399e-001    3.00751879699248e-001
 4.53145057766367e-001    3.02255639097744e-001
 4.54428754813864e-001    3.20300751879699e-001
 4.53145057766367e-001    3.33834586466165e-001
 4.53145057766367e-001    3.48872180451128e-001
 4.48010269576380e-001    3.60902255639098e-001
 4.41591784338896e-001    3.66917293233083e-001
 4.30038510911425e-001    3.63909774436090e-001
 4.17201540436457e-001    3.60902255639098e-001
 3.96662387676508e-001    3.63909774436090e-001
 3.83825417201540e-001    3.54887218045113e-001
 3.73555840821566e-001    3.60902255639098e-001
 3.72272143774069e-001    3.72932330827068e-001
 3.78690629011553e-001    3.84962406015038e-001
 3.85109114249037e-001    3.90977443609023e-001
 3.82541720154044e-001    4.03007518796992e-001
 3.96662387676508e-001    4.13533834586466e-001
 3.87676508344031e-001    4.25563909774436e-001
 3.83825417201540e-001    4.42105263157895e-001
 3.88960205391528e-001    4.57142857142857e-001
 3.91527599486521e-001    4.73684210526316e-001
 3.91527599486521e-001    4.87218045112782e-001
 5.05776636713736e-001    4.76691729323308e-001
 4.99358151476252e-001    4.64661654135338e-001
 5.05776636713736e-001    4.54135338345865e-001
 5.08344030808729e-001    4.42105263157895e-001
 5.13478818998716e-001    4.39097744360902e-001
 5.16046213093710e-001    4.27067669172932e-001
 5.18613607188703e-001    4.18045112781955e-001
 5.21181001283697e-001    4.12030075187970e-001
 5.26315789473684e-001    4.04511278195489e-001
 5.25032092426187e-001    3.92481203007519e-001
 5.22464698331194e-001    3.83458646616541e-001
 5.17329910141207e-001    3.75939849624060e-001
 5.00641848523748e-001    3.80451127819549e-001
 4.92939666238768e-001    3.69924812030075e-001
 4.85237483953787e-001    3.62406015037594e-001
 4.76251604621309e-001    3.56390977443609e-001
 4.69833119383825e-001    3.51879699248120e-001
 4.63414634146341e-001    3.47368421052632e-001
 5.96919127086008e-001    2.12030075187970e-001
 6.07188703465982e-001    2.25563909774436e-001
 6.04621309370988e-001    2.31578947368421e-001
 6.03337612323492e-001    2.43609022556391e-001
 5.95635430038511e-001    2.52631578947368e-001
 5.86649550706033e-001    2.58646616541353e-001
 5.81514762516046e-001    2.67669172932331e-001
 5.78947368421053e-001    2.82706766917293e-001
 5.75096277278562e-001    2.94736842105263e-001
 5.72528883183569e-001    3.11278195488722e-001
 5.66110397946085e-001    3.23308270676692e-001
 5.67394094993582e-001    3.35338345864662e-001
 5.66110397946085e-001    3.42857142857143e-001
 5.67394094993582e-001    3.57894736842105e-001
 5.68677792041078e-001    3.66917293233083e-001
 5.67394094993582e-001    3.78947368421053e-001
 5.62259306803594e-001    3.86466165413534e-001
 5.53273427471117e-001    3.89473684210526e-001
 5.44287548138639e-001    3.87969924812030e-001
 5.37869062901155e-001    3.89473684210526e-001
 5.82798459563543e-001    3.96992481203008e-001
 5.72528883183569e-001    3.90977443609023e-001
 5.95635430038511e-001    2.64661654135338e-001
 6.11039794608472e-001    2.63157894736842e-001
 6.23876765083440e-001    2.61654135338346e-001
 6.30295250320924e-001    2.70676691729323e-001
 6.43132220795892e-001    2.70676691729323e-001
 6.57252888318357e-001    2.69172932330827e-001
 5.94351732991014e-001    4.01503759398496e-001
 6.08472400513479e-001    4.09022556390977e-001
 6.18741976893453e-001    4.18045112781955e-001
 6.26444159178434e-001    4.24060150375940e-001
 6.40564826700899e-001    4.24060150375940e-001
 6.53401797175867e-001    4.27067669172932e-001
 6.66238767650834e-001    4.27067669172932e-001
 6.75224646983312e-001    4.30075187969925e-001
 6.84210526315789e-001    4.30075187969925e-001
 6.94480102695764e-001    1.24812030075188e-001
 6.76508344030809e-001    1.06766917293233e-001
 6.67522464698331e-001    9.32330827067669e-002
 6.67522464698331e-001    8.42105263157895e-002
 6.66238767650834e-001    7.51879699248120e-002
 6.55969191270860e-001    6.76691729323308e-002
 6.46983311938383e-001    6.01503759398496e-002
 6.37997432605905e-001    5.11278195488722e-002
 6.29011553273428e-001    4.66165413533835e-002
 6.17458279845956e-001    4.36090225563910e-002
 6.08472400513479e-001    3.45864661654135e-002
 5.98202824133504e-001    2.70676691729323e-002
 5.90500641848524e-001    3.15789473684211e-002
 5.84082156611040e-001    2.85714285714286e-002
 5.76379974326059e-001    3.30827067669173e-002
 5.69961489088575e-001    3.75939849624060e-002
 2.68292682926829e-001    4.87218045112782e-001
 2.55455712451861e-001    4.94736842105263e-001
 2.46469833119384e-001    5.06766917293233e-001
 2.38767650834403e-001    5.12781954887218e-001
 2.38767650834403e-001    5.18796992481203e-001
 2.50320924261874e-001    5.27819548872180e-001
 2.60590500641849e-001    5.36842105263158e-001
 2.67008985879332e-001    5.45864661654135e-001
 2.72143774069320e-001    5.51879699248120e-001
 2.42618741976893e-001    5.60902255639098e-001
 2.25930680359435e-001    5.65413533834586e-001
 2.13093709884467e-001    5.77443609022556e-001
 2.00256739409499e-001    5.81954887218045e-001
 1.92554557124519e-001    5.86466165413534e-001
 1.82284980744544e-001    5.92481203007519e-001
 1.69448010269576e-001    5.98496240601504e-001
 1.59178433889602e-001    6.10526315789474e-001
 1.47625160462131e-001    6.19548872180451e-001
 1.11681643132221e-001    6.39097744360902e-001
 1.01412066752246e-001    6.37593984962406e-001
 9.37098844672657e-002    6.34586466165414e-001
 8.60077021822850e-002    6.31578947368421e-001
 7.57381258023107e-002    6.28571428571429e-001
 7.06033376123235e-002    6.19548872180451e-001
 7.31707317073171e-002    5.98496240601504e-001
 7.83055198973042e-002    5.87969924812030e-001
 7.70218228498075e-002    5.74436090225564e-001
 6.29011553273428e-002    5.75939849624060e-001
 5.26315789473684e-002    5.65413533834586e-001
 3.33761232349166e-002    5.54887218045113e-001
 3.08087291399230e-002    5.41353383458647e-001
 4.36456996148909e-002    5.33834586466165e-001
 5.51989730423620e-002    5.26315789473684e-001
 7.18870346598203e-002    5.23308270676692e-001
 8.60077021822850e-002    5.24812030075188e-001
 1.06546854942234e-001    5.30827067669173e-001
 1.36071887034660e-001    5.38345864661654e-001
 1.47625160462131e-001    5.20300751879699e-001
 1.65596919127086e-001    5.09774436090226e-001
 1.79717586649551e-001    5.08270676691729e-001
 2.01540436456996e-001    5.14285714285714e-001
 2.18228498074454e-001    5.15789473684211e-001
 2.27214377406932e-001    5.15789473684211e-001
